start=639.524330
fullscreen=yes
video-aspect=2.350000
